xflr5 v6.62

 Calculated polar for: NACA 6412

 1 1 Reynolds number fixed          Mach number fixed         

 xtrf =   1.000 (top)        1.000 (bottom)
 Mach =   0.000     Re =     1.000 e 6     Ncrit =   9.000

  alpha     CL        CD       CDp       Cm    Top Xtr Bot Xtr   Cpmin    Chinge    XCp    
 ------- -------- --------- --------- -------- ------- ------- -------- --------- ---------
  -5.000   0.1447   0.00899   0.00350  -0.1533  0.7848  0.0304  -2.9122   0.0000   0.0000   0.0000   1.3320
  -4.500   0.2007   0.00870   0.00310  -0.1532  0.7667  0.0342  -2.5801   0.0000   0.0000   0.0000   1.0281
  -4.000   0.2566   0.00843   0.00269  -0.1532  0.7460  0.0382  -2.2628   0.0000   0.0000   0.0000   0.8569
  -3.500   0.3128   0.00817   0.00238  -0.1532  0.7266  0.0453  -1.9530   0.0000   0.0000   0.0000   0.7466
  -3.000   0.3686   0.00800   0.00212  -0.1531  0.7061  0.0546  -1.6590   0.0000   0.0000   0.0000   0.6703
  -2.500   0.4238   0.00791   0.00193  -0.1530  0.6828  0.0654  -1.3758   0.0000   0.0000   0.0000   0.6141
  -2.000   0.4793   0.00783   0.00180  -0.1529  0.6596  0.0804  -1.1328   0.0000   0.0000   0.0000   0.5709
  -1.500   0.5347   0.00779   0.00174  -0.1528  0.6369  0.1008  -0.9210   0.0000   0.0000   0.0000   0.5366
  -1.000   0.5899   0.00779   0.00170  -0.1527  0.6150  0.1262  -0.9239   0.0000   0.0000   0.0000   0.5088
  -0.500   0.6444   0.00784   0.00173  -0.1525  0.5918  0.1589  -0.9654   0.0000   0.0000   0.0000   0.4858
   0.000   0.6986   0.00791   0.00180  -0.1523  0.5685  0.1988  -1.0092   0.0000   0.0000   0.0000   0.4664
   0.500   0.7540   0.00791   0.00188  -0.1523  0.5524  0.2501  -1.0540   0.0000   0.0000   0.0000   0.4498
   1.000   0.8081   0.00797   0.00202  -0.1522  0.5342  0.3214  -1.0985   0.0000   0.0000   0.0000   0.4354
   1.500   0.8621   0.00743   0.00227  -0.1524  0.5203  0.6662  -1.1460   0.0000   0.0000   0.0000   0.4232
   2.500   0.9671   0.00724   0.00261  -0.1509  0.4974  1.0000  -1.2419   0.0000   0.0000   0.0000   0.4013
   3.000   1.0205   0.00753   0.00280  -0.1506  0.4859  1.0000  -1.2933   0.0000   0.0000   0.0000   0.3922
   3.500   1.0745   0.00779   0.00300  -0.1504  0.4768  1.0000  -1.3461   0.0000   0.0000   0.0000   0.3839
   4.000   1.1292   0.00798   0.00319  -0.1503  0.4703  1.0000  -1.4030   0.0000   0.0000   0.0000   0.3764
   4.500   1.1820   0.00828   0.00346  -0.1500  0.4610  1.0000  -1.4604   0.0000   0.0000   0.0000   0.3695
   5.000   1.2333   0.00865   0.00378  -0.1493  0.4501  1.0000  -1.5193   0.0000   0.0000   0.0000   0.3631
   5.500   1.2874   0.00883   0.00401  -0.1492  0.4451  1.0000  -1.5853   0.0000   0.0000   0.0000   0.3572
   6.000   1.3394   0.00910   0.00431  -0.1487  0.4364  1.0000  -1.6604   0.0000   0.0000   0.0000   0.3516
   6.500   1.3881   0.00953   0.00468  -0.1477  0.4210  1.0000  -1.8621   0.0000   0.0000   0.0000   0.3462
   7.000   1.4366   0.00989   0.00498  -0.1466  0.3989  1.0000  -2.1011   0.0000   0.0000   0.0000   0.3411
   7.500   1.4855   0.01024   0.00534  -0.1456  0.3833  1.0000  -2.3498   0.0000   0.0000   0.0000   0.3364
   8.000   1.5290   0.01080   0.00585  -0.1437  0.3582  1.0000  -2.6414   0.0000   0.0000   0.0000   0.3315
   8.500   1.5669   0.01150   0.00645  -0.1407  0.3298  1.0000  -2.9243   0.0000   0.0000   0.0000   0.3265
   9.000   1.5954   0.01268   0.00739  -0.1362  0.2834  1.0000  -3.1875   0.0000   0.0000   0.0000   0.3213
   9.500   1.6130   0.01448   0.00884  -0.1302  0.2227  1.0000  -3.4230   0.0000   0.0000   0.0000   0.3158
  10.000   1.6221   0.01681   0.01082  -0.1233  0.1596  1.0000  -3.6325   0.0000   0.0000   0.0000   0.3103
  10.500   1.6279   0.01948   0.01319  -0.1165  0.1076  1.0000  -3.8572   0.0000   0.0000   0.0000   0.3050
  11.000   1.6351   0.02228   0.01580  -0.1106  0.0736  1.0000  -4.1070   0.0000   0.0000   0.0000   0.3002
  11.500   1.6465   0.02501   0.01848  -0.1058  0.0538  1.0000  -4.3792   0.0000   0.0000   0.0000   0.2958
  12.000   1.6574   0.02802   0.02147  -0.1015  0.0410  1.0000  -4.6539   0.0000   0.0000   0.0000   0.2919
  12.500   1.6696   0.03109   0.02459  -0.0979  0.0334  1.0000  -4.9391   0.0000   0.0000   0.0000   0.2882
  13.000   1.6755   0.03495   0.02852  -0.0942  0.0269  1.0000  -5.1933   0.0000   0.0000   0.0000   0.2848
  13.500   1.6888   0.03842   0.03211  -0.0916  0.0248  1.0000  -5.4937   0.0000   0.0000   0.0000   0.2817
  14.000   1.6924   0.04299   0.03677  -0.0889  0.0217  1.0000  -5.7484   0.0000   0.0000   0.0000   0.2789
  14.500   1.6886   0.04865   0.04259  -0.0864  0.0188  1.0000  -5.9554   0.0000   0.0000   0.0000   0.2764
  15.000   1.6960   0.05336   0.04744  -0.0849  0.0180  1.0000  -6.2370   0.0000   0.0000   0.0000   0.2742
  15.500   1.6979   0.05886   0.05310  -0.0836  0.0169  1.0000  -6.4884   0.0000   0.0000   0.0000   0.2722
  16.000   1.6934   0.06524   0.05963  -0.0826  0.0156  1.0000  -6.7053   0.0000   0.0000   0.0000   0.2705
  16.500   1.6826   0.07260   0.06713  -0.0818  0.0144  1.0000  -6.8792   0.0000   0.0000   0.0000   0.2692
  17.000   1.6633   0.08136   0.07610  -0.0816  0.0131  1.0000  -6.9855   0.0000   0.0000   0.0000   0.2684
  17.500   1.6354   0.09153   0.08655  -0.0819  0.0122  1.0000  -7.0211   0.0000   0.0000   0.0000   0.2682
  18.000   1.6279   0.09888   0.09406  -0.0824  0.0120  1.0000  -7.2080   0.0000   0.0000   0.0000   0.2675


